25 2
2.250000000000000000e+00 1.383999999999999986e+01
1.879999999999999893e+00 1.234999999999999964e+01
1.469999999999999973e+00 1.063000000000000078e+01
3.180000000000000160e+00 9.359999999999999432e+00
3.189999999999999947e+00 8.740000000000000213e+00
4.600000000000000200e-01 8.109999999999999432e+00
3.300000000000000155e-01 7.410000000000000142e+00
3.410000000000000142e+00 7.209999999999999964e+00
1.399999999999999911e+00 4.099999999999999645e+00
1.860000000000000098e+00 3.669999999999999929e+00
3.680000000000000160e+00 4.889999999999999680e+00
4.009999999999999787e+00 3.220000000000000195e+00
2.160000000000000142e+00 2.640000000000000124e+00
2.330000000000000071e+00 1.830000000000000071e+00
7.929999999999999716e+00 2.439999999999999947e+00
7.379999999999999893e+00 8.900000000000000133e-01
7.809999999999999609e+00 1.199999999999999956e-01
8.509999999999999787e+00 7.299999999999999822e-01
9.199999999999999289e+00 3.250000000000000000e+00
6.290000000000000036e+00 1.063000000000000078e+01
6.849999999999999645e+00 1.271000000000000085e+01
5.900000000000000355e+00 1.333999999999999986e+01
5.490000000000000213e+00 1.428999999999999915e+01
4.820000000000000284e+00 1.327999999999999936e+01
3.049999999999999822e+00 1.330000000000000071e+01
