4.005577232502010929e+02 1.154732374312020283e+03
4.285838760551148425e+02 1.073951110344915605e+03
5.373912928271333840e+02 1.044276360316183172e+03
5.917950012131427684e+02 1.271782777203130991e+03
1.878886813776193776e+02 1.260242596636401913e+03
1.433765563345209557e+02 8.579848740246970920e+02
1.681055146917979073e+02 6.832335682999399751e+02
7.248687571032701271e+01 5.496971931706444821e+02
1.808316732431774199e+01 5.381570126039152910e+02
2.632615344341002128e+01 4.672673319797213480e+02
3.127194511486538886e+01 1.012787482920225557e+02
1.697541119156162495e+02 7.325259548710891977e+01
2.521839731065394972e+02 1.919515956020381964e+02
2.010774591681670245e+02 2.430581095404104417e+02
2.192120286301701526e+02 5.282654292610044422e+02
2.999932925972748308e+02 3.683514985506136554e+02
4.895819733363980504e+02 2.611926790024135698e+02
4.928791677840349621e+02 1.441422761113026354e+02
2.835073203590902722e+02 1.161161233063887721e+02
3.478026120880101644e+02 2.874047044401027051e+01
5.489314733938626887e+02 4.687503990601339865e+01
5.340940983794964723e+02 2.480039012118659230e+02
6.478473068229704950e+02 2.545982901071397464e+02
6.478473068229704950e+02 4.028065101073957521e+01
8.357873903382751450e+02 2.544327599637335879e+01
9.033798765148321763e+02 1.111703316349335182e+02
7.154397929995275263e+02 1.358992899922104698e+02
6.956566263137058286e+02 2.529496928833211769e+02
8.984340848433766951e+02 4.046206374746197980e+02
9.544863904532044216e+02 5.645345681850106985e+02
9.825125432581182849e+02 2.529496928833211769e+02
9.314060293197460396e+02 1.771142205876719800e+02
1.073185390568133926e+03 6.171241492037961507e+01
1.172101223997241505e+03 1.672226372447612448e+02
1.155615251759057173e+03 4.656187347559028922e+02
1.168804029549604820e+03 5.513457903944629379e+02
1.111103126715958297e+03 5.628859709611922426e+02
1.023727473853580022e+03 6.881793599713953427e+02
1.056699418329949140e+03 8.431474990103308755e+02
9.215144459768353045e+02 1.191001513236026312e+03
6.280641401371487973e+02 1.162975360431112449e+03
6.890622374184320051e+02 9.717380824681708873e+02
7.962210569666322044e+02 1.045924957540001742e+03
7.401687513568044778e+02 1.106923054821284722e+03
8.621649459193706662e+02 1.126706221507106420e+03
9.264602376482905584e+02 9.700894852443525451e+02
8.407331820097306263e+02 9.189829713059800724e+02
6.824678485231581817e+02 9.222801657536169841e+02
6.033351817798720731e+02 9.882240547063554459e+02
5.406884872747702957e+02 9.470091241108939357e+02
3.741801676691056855e+02 9.371175407679832006e+02
2.488867786589025854e+02 1.011304415839814055e+03
3.263708481783701245e+02 1.204190291026574187e+03
4.862847788887611387e+02 1.214081874369484922e+03
5.192567233651302558e+02 1.176164138221660323e+03
