22 2
2.000000000000000111e-01 0.000000000000000000e+00
8.000000000000000444e-01 -8.000000000000000444e-01
2.500000000000000000e+00 -1.000000000000000000e+00
2.799999999999999822e+00 -2.000000000000000000e+00
3.250000000000000000e+00 -1.300000000000000044e+00
4.500000000000000000e+00 -2.700000000000000178e+00
4.700000000000000178e+00 -4.000000000000000000e+00
4.000000000000000000e+00 -3.799999999999999822e+00
3.500000000000000000e+00 -4.299999999999999822e+00
4.400000000000000355e+00 -4.799999999999999822e+00
4.500000000000000000e+00 -5.799999999999999822e+00
5.500000000000000000e+00 -5.500000000000000000e+00
5.500000000000000000e+00 -4.500000000000000000e+00
6.700000000000000178e+00 -3.500000000000000000e+00
7.099999999999999645e+00 -1.100000000000000089e+00
6.599999999999999645e+00 5.999999999999999778e-01
7.299999999999999822e+00 2.999999999999999889e-01
7.099999999999999645e+00 1.199999999999999956e+00
5.500000000000000000e+00 1.800000000000000044e+00
4.000000000000000000e+00 2.100000000000000089e+00
2.000000000000000000e+00 1.500000000000000000e+00
1.199999999999999956e+00 5.999999999999999778e-01
