18 2
-1.100000000000000089e+00 -2.169999999999999929e+00
-2.450000000000000178e+00 -3.720000000000000195e+00
-1.689999999999999947e+00 -5.809999999999999609e+00
-4.209999999999999964e+00 -4.790000000000000036e+00
-4.820000000000000284e+00 -4.209999999999999964e+00
-5.509999999999999787e+00 -5.500000000000000000e+00
-5.379999999999999893e+00 -6.849999999999999645e+00
-4.669999999999999929e+00 -7.740000000000000213e+00
-3.900000000000000133e-01 -8.199999999999999289e+00
1.340000000000000080e+00 -7.309999999999999609e+00
1.719999999999999973e+00 -6.389999999999999680e+00
1.489999999999999991e+00 -5.830000000000000071e+00
9.599999999999999645e-01 -5.500000000000000000e+00
1.400000000000000133e-01 -5.150000000000000355e+00
1.729999999999999982e+00 -4.349999999999999645e+00
1.000000000000000000e+00 -4.000000000000000000e+00
1.500000000000000000e+00 -2.939999999999999947e+00
5.000000000000000000e-01 -3.520000000000000018e+00
